		media			tau				sigma
U:	1.77054423814	0.26850990399	0.000625203925767
P:	1.07117761976	0.214176433389	7.58553095312e-05
E:	2.80532189475	0.197495972117	8.29831766179e-05
T:	0.68985177107	0.267451971442	0.000405006141852