		media			tau				sigma
U:	1.77376524409	0.236899515616	0.000853346038304
P:	1.07047279891	0.169015357621	0.000109566100118
E:	2.8057251776	0.156414354324	0.000114639698991
T:	0.687973289008	0.231681280131	0.000558736490371