		media			tau				sigma
U:	1.7719356341	0.287680757778	0.000324592164338
P:	1.07079861999	0.1956494412	3.88041416773e-05
E:	2.80487936699	0.196047472509	4.85628580307e-05
T:	0.688629155262	0.269640087055	0.000203979040718