		media			tau				sigma
U:	1.76327537069	0.264230619128	0.000181213142851
P:	1.07088382588	0.172697904313	1.98768316187e-05
E:	2.80439114155	0.209543765209	2.59166939152e-05
T:	0.694077180578	0.253415250895	0.000115116659445