		media			tau				sigma
U:	1.77330231037	0.225253965957	0.0013672614498
P:	1.06926684067	0.214069773945	0.00022417900508
E:	2.80194522913	0.845050855692	0.000616058775537
T:	0.685761945841	0.227417770438	0.000895035239378